0.100006104
0.0891113281
0.0794372559
0.0708007812
0.0631103516
0.0562438965
0.0501098633
0.0446777344
0.0398254395
0.0354919434
0.0316162109
0.0281982422
0.0251159668
0.0223999023
0.0199584961
0.017791748
0.015838623
0.0141296387
0.0126037598
0.0112304688
0.0100097656
0.00891113281
0.00793457031
0.00708007812
0.00631713867
0.00561523438
0.00500488281
0.00445556641
0.00396728516
0.00354003906
0.00317382812
0.00280761719
0.00250244141
0.0022277832
0.00198364258
0.00177001953
0.00158691406
0.00140380859
0.0012512207
0.00112915039
0.00100708008
0.000885009766
0.000793457031
0.000701904297
0.000640869141
0.000549316406
0.00048828125
0.000457763672
0.000396728516
0.000366210938
0.000305175781
0.000274658203
0.000244140625
0.000213623047
0.000213623047
0.000183105469
0.000152587891
0.000152587891
0.000122070312
0.000122070312
9.15527344e-05
9.15527344e-05
9.15527344e-05
3.05175781e-05
